250, 150
325, 275
TEST
[0] (-9, -5, 0) (-8, -5, 0) (-7, -5, 0) (-6, -5, 0) (-5, -5, 0) (-4, -5, 0) (-3, -5, 0) (-2, -5, 0) (-1, -5, 0) (0, -5, 0) (1, -5, 0) (2, -5, 0) (3, -5, 0) (4, -5, 0) (5, -5, 0) (6, -5, 0) (7, -5, 0) (8, -5, 0) (9, -5, 0) 
[1] (-9, -4, 0) (-8, -4, 0) (-7, -4, 0) (-6, -4, 0) (-5, -4, 0) (-4, -4, 0) (-3, -4, 0) (-2, -4, 0) (-1, -4, 0) (0, -4, 0) (1, -4, 0) (2, -4, 0) (3, -4, 0) (4, -4, 0) (5, -4, 0) (6, -4, 0) (7, -4, 0) (8, -4, 0) (9, -4, 0) 
[2] (-9, -3, 0) (-8, -3, 0) (-7, -3, 10) (-6, -3, 10) (-5, -3, 0) (-4, -3, 0) (-3, -3, 10) (-2, -3, 10) (-1, -3, 0) (0, -3, 0) (1, -3, 0) (2, -3, 10) (3, -3, 10) (4, -3, 10) (5, -3, 10) (6, -3, 10) (7, -3, 0) (8, -3, 0) (9, -3, 0) 
[3] (-9, -2, 0) (-8, -2, 0) (-7, -2, 10) (-6, -2, 10) (-5, -2, 0) (-4, -2, 0) (-3, -2, 10) (-2, -2, 10) (-1, -2, 0) (0, -2, 0) (1, -2, 0) (2, -2, 0) (3, -2, 0) (4, -2, 0) (5, -2, 0) (6, -2, 10) (7, -2, 10) (8, -2, 0) (9, -2, 0) 
[4] (-9, -1, 0) (-8, -1, 0) (-7, -1, 10) (-6, -1, 10) (-5, -1, 0) (-4, -1, 0) (-3, -1, 10) (-2, -1, 10) (-1, -1, 0) (0, -1, 0) (1, -1, 0) (2, -1, 0) (3, -1, 0) (4, -1, 0) (5, -1, 0) (6, -1, 10) (7, -1, 10) (8, -1, 0) (9, -1, 0) 
[5] (-9, 0, 0) (-8, 0, 0) (-7, 0, 10) (-6, 0, 10) (-5, 0, 10) (-4, 0, 10) (-3, 0, 10) (-2, 0, 10) (-1, 0, 0) (0, 0, 0) (1, 0, 0) (2, 0, 0) (3, 0, 10) (4, 0, 10) (5, 0, 10) (6, 0, 10) (7, 0, 0) (8, 0, 0) (9, 0, 0) 
[6] (-9, 1, 0) (-8, 1, 0) (-7, 1, 0) (-6, 1, 10) (-5, 1, 10) (-4, 1, 10) (-3, 1, 10) (-2, 1, 10) (-1, 1, 0) (0, 1, 0) (1, 1, 0) (2, 1, 10) (3, 1, 10) (4, 1, 0) (5, 1, 0) (6, 1, 0) (7, 1, 0) (8, 1, 0) (9, 1, 0) 
[7] (-9, 2, 0) (-8, 2, 0) (-7, 2, 0) (-6, 2, 0) (-5, 2, 0) (-4, 2, 0) (-3, 2, 10) (-2, 2, 10) (-1, 2, 0) (0, 2, 0) (1, 2, 0) (2, 2, 10) (3, 2, 10) (4, 2, 0) (5, 2, 0) (6, 2, 0) (7, 2, 0) (8, 2, 0) (9, 2, 0) 
[8] (-9, 3, 0) (-8, 3, 0) (-7, 3, 0) (-6, 3, 0) (-5, 3, 0) (-4, 3, 0) (-3, 3, 10) (-2, 3, 10) (-1, 3, 0) (0, 3, 0) (1, 3, 0) (2, 3, 10) (3, 3, 10) (4, 3, 10) (5, 3, 10) (6, 3, 10) (7, 3, 10) (8, 3, 0) (9, 3, 0) 
[9] (-9, 4, 0) (-8, 4, 0) (-7, 4, 0) (-6, 4, 0) (-5, 4, 0) (-4, 4, 0) (-3, 4, 0) (-2, 4, 0) (-1, 4, 0) (0, 4, 0) (1, 4, 0) (2, 4, 0) (3, 4, 0) (4, 4, 0) (5, 4, 0) (6, 4, 0) (7, 4, 0) (8, 4, 0) (9, 4, 0) 
[10] (-9, 5, 0) (-8, 5, 0) (-7, 5, 0) (-6, 5, 0) (-5, 5, 0) (-4, 5, 0) (-3, 5, 0) (-2, 5, 0) (-1, 5, 0) (0, 5, 0) (1, 5, 0) (2, 5, 0) (3, 5, 0) (4, 5, 0) (5, 5, 0) (6, 5, 0) (7, 5, 0) (8, 5, 0) (9, 5, 0) 
map[0].x  y : -450   -250
TEST
[0] (125, 75, 0) (175, 75, 0) (225, 75, 0) (275, 75, 0) (325, 75, 0) (375, 75, 0) (425, 75, 0) (475, 75, 0) (525, 75, 0) (575, 75, 0) (625, 75, 0) (675, 75, 0) (725, 75, 0) (775, 75, 0) (825, 75, 0) (875, 75, 0) (925, 75, 0) (975, 75, 0) (1025, 75, 0) 
[1] (125, 125, 0) (175, 125, 0) (225, 125, 0) (275, 125, 0) (325, 125, 0) (375, 125, 0) (425, 125, 0) (475, 125, 0) (525, 125, 0) (575, 125, 0) (625, 125, 0) (675, 125, 0) (725, 125, 0) (775, 125, 0) (825, 125, 0) (875, 125, 0) (925, 125, 0) (975, 125, 0) (1025, 125, 0) 
[2] (125, 175, 0) (175, 175, 0) (225, 175, 300) (275, 175, 300) (325, 175, 0) (375, 175, 0) (425, 175, 300) (475, 175, 300) (525, 175, 0) (575, 175, 0) (625, 175, 0) (675, 175, 300) (725, 175, 300) (775, 175, 300) (825, 175, 300) (875, 175, 300) (925, 175, 0) (975, 175, 0) (1025, 175, 0) 
[3] (125, 225, 0) (175, 225, 0) (225, 225, 300) (275, 225, 300) (325, 225, 0) (375, 225, 0) (425, 225, 300) (475, 225, 300) (525, 225, 0) (575, 225, 0) (625, 225, 0) (675, 225, 0) (725, 225, 0) (775, 225, 0) (825, 225, 0) (875, 225, 300) (925, 225, 300) (975, 225, 0) (1025, 225, 0) 
[4] (125, 275, 0) (175, 275, 0) (225, 275, 300) (275, 275, 300) (325, 275, 0) (375, 275, 0) (425, 275, 300) (475, 275, 300) (525, 275, 0) (575, 275, 0) (625, 275, 0) (675, 275, 0) (725, 275, 0) (775, 275, 0) (825, 275, 0) (875, 275, 300) (925, 275, 300) (975, 275, 0) (1025, 275, 0) 
[5] (125, 325, 0) (175, 325, 0) (225, 325, 300) (275, 325, 300) (325, 325, 300) (375, 325, 300) (425, 325, 300) (475, 325, 300) (525, 325, 0) (575, 325, 0) (625, 325, 0) (675, 325, 0) (725, 325, 300) (775, 325, 300) (825, 325, 300) (875, 325, 300) (925, 325, 0) (975, 3